# Created by Octave 4.4.1, Sun Feb 03 17:02:29 2019 -02 <wesley@Mac-Nebuchadnezzar.local>
# name: Theta2
# type: matrix
# rows: 10
# columns: 26
 -1.6229883286232842 2.1332342477144954 -3.7884297731027607 0.0073545122444409507 1.1870390765892422 -0.92854686506926065 -1.7352737197226495 -2.0546538002785248 2.039455660063425 -1.3139088961041923 1.523707313688953 -2.4030882131875084 -1.829836983441244 -2.2313863875229929 2.1641471381817676 -2.1295278791047347 1.1522077712880709 1.4666675619306007 -2.0480814315547713 0.54309987788758296 2.257408038718848 -0.78178143233018715 -0.92498425206548196 0.016935175871262302 2.1479585748710419 1.6377875069360126
 -4.6477434327189231 1.3028158617585204 2.2107519316270334 1.3796059691987834 -2.3611420201644044 -1.6655938434685578 -2.0736501863855592 0.83426840452510931 2.1419773289757793 -3.3330526562259615 2.4118271578061914 2.7449296468975368 -3.0035312871084257 2.1745394985137714 -4.6460405086918906 2.2511811404987601 -1.2346856530747712 -1.007684101156906 0.083334678792753955 -1.5226849640848097 -3.790272326553572 -0.68433201235193941 2.2491874704943333 -1.4912870647597787 1.2855830456298694 0.76868142936045547
 -5.2085988719166032 0.16151427763536899 -1.5323416185800569 1.2362855598463351 0.32183547999817713 -3.7951907219810468 0.3073865398988278 -4.0010160746203347 -1.6115191056695117 0.27196536276975791 -3.5577140342274953 3.5545264985882277 1.6421079404412344 2.9502372720487937 2.7741892507431074 -2.4235698264976082 2.1699729480614787 1.3265082979282681 1.6371065486654541 -3.8848795926150226 -2.3267233241669154 0.4060912163586316 -1.7878918000759392 0.77828715998785336 2.2230110810027925 0.85790715399470885
 -5.318813111158061 -0.77691660928541173 1.78271690278846 -3.1869182782669889 1.1981959354054263 -1.269210718641391 4.0796671389764958 -1.2254110054035889 3.4423600494542539 -1.0137570990286944 -2.309149277378165 -0.65995676479954468 -0.78301851172981041 0.079557783171757407 -0.12829055967833336 -2.4897265972350771 -3.183149718414263 3.6512680370185917 1.1356473186797478 0.67147495823599956 -0.87550001675908817 1.2697934246762144 2.6366279849592189 -1.9576207968675017 -2.4394762482624155 -1.9393083643259554
 -2.5448809707646207 4.3447850346788552 -3.4223085202113301 4.2459159271583129 0.59523838826911379 2.8258028809575562 -0.36095404458984054 2.7266516776373764 -0.082203329312991805 0.48779059887536225 -1.2229964845876018 -1.3963333026033036 -3.0916331053860189 -2.2218151941794013 -1.5392236366549561 0.15192865365859615 -1.0740332574447902 0.752646349834732 1.3734665220628979 -2.442620130222009 1.9746759391078423 -2.7356084916485823 -0.83030751724347418 1.0982065828723948 -3.4637645128500738 -3.9918265745678636
 -5.1681507729415843 -1.4121073197196585 0.98744098350656262 0.393945478139415 -2.942074373880939 0.23016884477570967 2.994323076368715 -2.2121320312894737 -2.4280354972125231 0.3745816164900046 3.0423301413398782 -3.1697060163837922 -1.3453515414247048 0.84436847251921643 -0.58507389488107919 0.61937945208227496 1.3377123022653503 1.3288802402774924 -1.9781974841469239 -0.025418829204724228 1.7423168213794282 0.67211878509875811 -1.4883645117282951 -0.36023846292242961 -2.7314888829213113 2.7132123179550627
 -1.7273290313507141 -0.89531312652618211 1.8271086019919049 -2.1645245968632829 3.2988855866372231 -1.1656186842730798 1.5586845489326073 0.82902537984263069 -2.893623056216625 -3.4153337308147473 -0.62689464947178075 2.3328846043829996 -0.2293698072862978 -3.8251382972116552 0.49687491067221817 1.0177636850251788 3.362081861333269 -0.38787507653412712 -1.2922969050739628 1.0608442344017364 -0.81514592727152413 -2.698659279520863 1.6674965836112761 1.7536798012145571 0.0045187999214158572 -2.6479871665462369
 -5.2523815955087958 -4.1780722301234059 0.89047546322019633 -0.21888392438374085 1.490525765565299 1.3617184127327349 -1.1344987578008667 0.17080025485977823 1.2187570924921864 2.2837508873277699 -3.3823213131513077 -3.7777775953634078 0.29105174073216772 1.6026359506158487 -3.7175332263778711 -2.720058105583858 -0.89453648557288634 -1.2906129634886763 -3.6014360908271108 0.78815115970349059 -2.8893273621857292 3.060715347402609 -2.4592373873891531 3.8273275770760429 1.0987422201138664 -0.86015080245820674
 -1.4992848726721897 -2.1943441662623284 0.29366967101770625 0.86887289011018221 -1.5603073506798533 -2.3893430484159417 -3.4879957735031475 -0.825989785993549 -1.9537683684507134 2.7621286654347199 -1.1079662175440292 -3.2394078381358273 -0.89848880111155405 -0.47205624787086975 0.90206765179483217 -0.47547006091417943 -2.7682167754852771 -5.2745685376512537 2.6752077002618617 2.8194003483813663 2.9686617686584778 0.55859327685957272 -1.2272042011436866 -4.7005598959914519 1.5870277158738786 0.013587618502929506
 -3.3711030710051761 -1.4268165840692897 0.34251999501281821 -4.7599558495516296 -2.6772853599947517 3.2494489654459087 0.030608761948089126 -0.14659595807908912 -0.24340187979733485 1.1317699896138618 -2.0180843570473574 1.6970650770776474 2.3048943792399608 -1.1605444081961473 -0.72270889766117608 1.3827219034048894 -1.3169178536819277 -1.7534953204111696 -0.27333935109206747 -1.2411553408753442 0.35397589358841686 -1.0028789202221593 -1.099920885394132 -0.1840120497046947 -0.87465948754407552 1.8428278246631249


